289
-8.000000 0.000000 -8.000000
-7.000000 0.000000 -8.000000
-6.000000 0.000000 -8.000000
-5.000000 0.000000 -8.000000
-4.000000 0.000000 -8.000000
-3.000000 0.000000 -8.000000
-2.000000 0.000000 -8.000000
-1.000000 0.000000 -8.000000
0.000000 0.000000 -8.000000
1.000000 0.000000 -8.000000
2.000000 0.000000 -8.000000
3.000000 0.000000 -8.000000
4.000000 0.000000 -8.000000
5.000000 0.000000 -8.000000
6.000000 0.000000 -8.000000
7.000000 0.000000 -8.000000
8.000000 0.000000 -8.000000
-8.000000 0.000000 -7.000000
-7.000000 0.000000 -7.000000
-6.000000 0.000000 -7.000000
-5.000000 0.000000 -7.000000
-4.000000 0.000000 -7.000000
-3.000000 0.000000 -7.000000
-2.000000 0.000000 -7.000000
-1.000000 0.000000 -7.000000
0.000000 0.000000 -7.000000
1.000000 0.000000 -7.000000
2.000000 0.000000 -7.000000
3.000000 0.000000 -7.000000
4.000000 0.000000 -7.000000
5.000000 0.000000 -7.000000
6.000000 0.000000 -7.000000
7.000000 0.000000 -7.000000
8.000000 0.000000 -7.000000
-8.000000 0.000000 -6.000000
-7.000000 0.000000 -6.000000
-6.000000 0.000000 -6.000000
-5.000000 0.000000 -6.000000
-4.000000 0.000000 -6.000000
-3.000000 0.000000 -6.000000
-2.000000 0.000000 -6.000000
-1.000000 0.000000 -6.000000
0.000000 0.000000 -6.000000
1.000000 0.000000 -6.000000
2.000000 0.000000 -6.000000
3.000000 0.000000 -6.000000
4.000000 0.000000 -6.000000
5.000000 0.000000 -6.000000
6.000000 0.000000 -6.000000
7.000000 0.000000 -6.000000
8.000000 0.000000 -6.000000
-8.000000 0.000000 -5.000000
-7.000000 0.000000 -5.000000
-6.000000 0.000000 -5.000000
-5.000000 0.000000 -5.000000
-4.000000 0.000000 -5.000000
-3.000000 0.000000 -5.000000
-2.000000 0.000000 -5.000000
-1.000000 0.000000 -5.000000
0.000000 0.000000 -5.000000
1.000000 0.000000 -5.000000
2.000000 0.000000 -5.000000
3.000000 0.000000 -5.000000
4.000000 0.000000 -5.000000
5.000000 0.000000 -5.000000
6.000000 0.000000 -5.000000
7.000000 0.000000 -5.000000
8.000000 0.000000 -5.000000
-8.000000 0.000000 -4.000000
-7.000000 0.000000 -4.000000
-6.000000 0.000000 -4.000000
-5.000000 0.000000 -4.000000
-4.000000 0.000000 -4.000000
-3.000000 0.000000 -4.000000
-2.000000 0.000000 -4.000000
-1.000000 0.000000 -4.000000
0.000000 0.000000 -4.000000
1.000000 0.000000 -4.000000
2.000000 0.000000 -4.000000
3.000000 0.000000 -4.000000
4.000000 0.000000 -4.000000
5.000000 0.000000 -4.000000
6.000000 0.000000 -4.000000
7.000000 0.000000 -4.000000
8.000000 0.000000 -4.000000
-8.000000 0.000000 -3.000000
-7.000000 0.000000 -3.000000
-6.000000 0.000000 -3.000000
-5.000000 0.000000 -3.000000
-4.000000 0.000000 -3.000000
-3.000000 0.000000 -3.000000
-2.000000 0.000000 -3.000000
-1.000000 0.000000 -3.000000
0.000000 0.000000 -3.000000
1.000000 0.000000 -3.000000
2.000000 0.000000 -3.000000
3.000000 0.000000 -3.000000
4.000000 0.000000 -3.000000
5.000000 0.000000 -3.000000
6.000000 0.000000 -3.000000
7.000000 0.000000 -3.000000
8.000000 0.000000 -3.000000
-8.000000 0.000000 -2.000000
-7.000000 0.000000 -2.000000
-6.000000 0.000000 -2.000000
-5.000000 0.000000 -2.000000
-4.000000 0.000000 -2.000000
-3.000000 0.000000 -2.000000
-2.000000 0.000000 -2.000000
-1.000000 0.000000 -2.000000
0.000000 0.000000 -2.000000
1.000000 0.000000 -2.000000
2.000000 0.000000 -2.000000
3.000000 0.000000 -2.000000
4.000000 0.000000 -2.000000
5.000000 0.000000 -2.000000
6.000000 0.000000 -2.000000
7.000000 0.000000 -2.000000
8.000000 0.000000 -2.000000
-8.000000 0.000000 -1.000000
-7.000000 0.000000 -1.000000
-6.000000 0.000000 -1.000000
-5.000000 0.000000 -1.000000
-4.000000 0.000000 -1.000000
-3.000000 0.000000 -1.000000
-2.000000 0.000000 -1.000000
-1.000000 0.000000 -1.000000
0.000000 0.000000 -1.000000
1.000000 0.000000 -1.000000
2.000000 0.000000 -1.000000
3.000000 0.000000 -1.000000
4.000000 0.000000 -1.000000
5.000000 0.000000 -1.000000
6.000000 0.000000 -1.000000
7.000000 0.000000 -1.000000
8.000000 0.000000 -1.000000
-8.000000 0.000000 0.000000
-7.000000 0.000000 0.000000
-6.000000 0.000000 0.000000
-5.000000 0.000000 0.000000
-4.000000 0.000000 0.000000
-3.000000 0.000000 0.000000
-2.000000 0.000000 0.000000
-1.000000 0.000000 0.000000
0.000000 0.000000 0.000000
1.000000 0.000000 0.000000
2.000000 0.000000 0.000000
3.000000 0.000000 0.000000
4.000000 0.000000 0.000000
5.000000 0.000000 0.000000
6.000000 0.000000 0.000000
7.000000 0.000000 0.000000
8.000000 0.000000 0.000000
-8.000000 0.000000 1.000000
-7.000000 0.000000 1.000000
-6.000000 0.000000 1.000000
-5.000000 0.000000 1.000000
-4.000000 0.000000 1.000000
-3.000000 0.000000 1.000000
-2.000000 0.000000 1.000000
-1.000000 0.000000 1.000000
0.000000 0.000000 1.000000
1.000000 0.000000 1.000000
2.000000 0.000000 1.000000
3.000000 0.000000 1.000000
4.000000 0.000000 1.000000
5.000000 0.000000 1.000000
6.000000 0.000000 1.000000
7.000000 0.000000 1.000000
8.000000 0.000000 1.000000
-8.000000 0.000000 2.000000
-7.000000 0.000000 2.000000
-6.000000 0.000000 2.000000
-5.000000 0.000000 2.000000
-4.000000 0.000000 2.000000
-3.000000 0.000000 2.000000
-2.000000 0.000000 2.000000
-1.000000 0.000000 2.000000
0.000000 0.000000 2.000000
1.000000 0.000000 2.000000
2.000000 0.000000 2.000000
3.000000 0.000000 2.000000
4.000000 0.000000 2.000000
5.000000 0.000000 2.000000
6.000000 0.000000 2.000000
7.000000 0.000000 2.000000
8.000000 0.000000 2.000000
-8.000000 0.000000 3.000000
-7.000000 0.000000 3.000000
-6.000000 0.000000 3.000000
-5.000000 0.000000 3.000000
-4.000000 0.000000 3.000000
-3.000000 0.000000 3.000000
-2.000000 0.000000 3.000000
-1.000000 0.000000 3.000000
0.000000 0.000000 3.000000
1.000000 0.000000 3.000000
2.000000 0.000000 3.000000
3.000000 0.000000 3.000000
4.000000 0.000000 3.000000
5.000000 0.000000 3.000000
6.000000 0.000000 3.000000
7.000000 0.000000 3.000000
8.000000 0.000000 3.000000
-8.000000 0.000000 4.000000
-7.000000 0.000000 4.000000
-6.000000 0.000000 4.000000
-5.000000 0.000000 4.000000
-4.000000 0.000000 4.000000
-3.000000 0.000000 4.000000
-2.000000 0.000000 4.000000
-1.000000 0.000000 4.000000
0.000000 0.000000 4.000000
1.000000 0.000000 4.000000
2.000000 0.000000 4.000000
3.000000 0.000000 4.000000
4.000000 0.000000 4.000000
5.000000 0.000000 4.000000
6.000000 0.000000 4.000000
7.000000 0.000000 4.000000
8.000000 0.000000 4.000000
-8.000000 0.000000 5.000000
-7.000000 0.000000 5.000000
-6.000000 0.000000 5.000000
-5.000000 0.000000 5.000000
-4.000000 0.000000 5.000000
-3.000000 0.000000 5.000000
-2.000000 0.000000 5.000000
-1.000000 0.000000 5.000000
0.000000 0.000000 5.000000
1.000000 0.000000 5.000000
2.000000 0.000000 5.000000
3.000000 0.000000 5.000000
4.000000 0.000000 5.000000
5.000000 0.000000 5.000000
6.000000 0.000000 5.000000
7.000000 0.000000 5.000000
8.000000 0.000000 5.000000
-8.000000 0.000000 6.000000
-7.000000 0.000000 6.000000
-6.000000 0.000000 6.000000
-5.000000 0.000000 6.000000
-4.000000 0.000000 6.000000
-3.000000 0.000000 6.000000
-2.000000 0.000000 6.000000
-1.000000 0.000000 6.000000
0.000000 0.000000 6.000000
1.000000 0.000000 6.000000
2.000000 0.000000 6.000000
3.000000 0.000000 6.000000
4.000000 0.000000 6.000000
5.000000 0.000000 6.000000
6.000000 0.000000 6.000000
7.000000 0.000000 6.000000
8.000000 0.000000 6.000000
-8.000000 0.000000 7.000000
-7.000000 0.000000 7.000000
-6.000000 0.000000 7.000000
-5.000000 0.000000 7.000000
-4.000000 0.000000 7.000000
-3.000000 0.000000 7.000000
-2.000000 0.000000 7.000000
-1.000000 0.000000 7.000000
0.000000 0.000000 7.000000
1.000000 0.000000 7.000000
2.000000 0.000000 7.000000
3.000000 0.000000 7.000000
4.000000 0.000000 7.000000
5.000000 0.000000 7.000000
6.000000 0.000000 7.000000
7.000000 0.000000 7.000000
8.000000 0.000000 7.000000
-8.000000 0.000000 8.000000
-7.000000 0.000000 8.000000
-6.000000 0.000000 8.000000
-5.000000 0.000000 8.000000
-4.000000 0.000000 8.000000
-3.000000 0.000000 8.000000
-2.000000 0.000000 8.000000
-1.000000 0.000000 8.000000
0.000000 0.000000 8.000000
1.000000 0.000000 8.000000
2.000000 0.000000 8.000000
3.000000 0.000000 8.000000
4.000000 0.000000 8.000000
5.000000 0.000000 8.000000
6.000000 0.000000 8.000000
7.000000 0.000000 8.000000
8.000000 0.000000 8.000000
0.000000 1.000000 0.000000
0.000000 1.000000 0.000000
0.000000 1.000000 0.000000
0.000000 1.000000 0.000000
0.000000 1.000000 0.000000
0.000000 1.000000 0.000000
0.000000 1.000000 0.000000
0.000000 1.000000 0.000000
0.000000 1.000000 0.000000
0.000000 1.000000 0.000000
0.000000 1.000000 0.000000
0.000000 1.000000 0.000000
0.000000 1.000000 0.000000
0.000000 1.000000 0.000000
0.000000 1.000000 0.000000
0.000000 1.000000 0.000000
0.000000 1.000000 0.000000
0.000000 1.000000 0.000000
0.000000 1.000000 0.000000
0.000000 1.000000 0.000000
0.000000 1.000000 0.000000
0.000000 1.000000 0.000000
0.000000 1.000000 0.000000
0.000000 1.000000 0.000000
0.000000 1.000000 0.000000
0.000000 1.000000 0.000000
0.000000 1.000000 0.000000
0.000000 1.000000 0.000000
0.000000 1.000000 0.000000
0.000000 1.000000 0.000000
0.000000 1.000000 0.000000
0.000000 1.000000 0.000000
0.000000 1.000000 0.000000
0.000000 1.000000 0.000000
0.000000 1.000000 0.000000
0.000000 1.000000 0.000000
0.000000 1.000000 0.000000
0.000000 1.000000 0.000000
0.000000 1.000000 0.000000
0.000000 1.000000 0.000000
0.000000 1.000000 0.000000
0.000000 1.000000 0.000000
0.000000 1.000000 0.000000
0.000000 1.000000 0.000000
0.000000 1.000000 0.000000
0.000000 1.000000 0.000000
0.000000 1.000000 0.000000
0.000000 1.000000 0.000000
0.000000 1.000000 0.000000
0.000000 1.000000 0.000000
0.000000 1.000000 0.000000
0.000000 1.000000 0.000000
0.000000 1.000000 0.000000
0.000000 1.000000 0.000000
0.000000 1.000000 0.000000
0.000000 1.000000 0.000000
0.000000 1.000000 0.000000
0.000000 1.000000 0.000000
0.000000 1.000000 0.000000
0.000000 1.000000 0.000000
0.000000 1.000000 0.000000
0.000000 1.000000 0.000000
0.000000 1.000000 0.000000
0.000000 1.000000 0.000000
0.000000 1.000000 0.000000
0.000000 1.000000 0.000000
0.000000 1.000000 0.000000
0.000000 1.000000 0.000000
0.000000 1.000000 0.000000
0.000000 1.000000 0.000000
0.000000 1.000000 0.000000
0.000000 1.000000 0.000000
0.000000 1.000000 0.000000
0.000000 1.000000 0.000000
0.000000 1.000000 0.000000
0.000000 1.000000 0.000000
0.000000 1.000000 0.000000
0.000000 1.000000 0.000000
0.000000 1.000000 0.000000
0.000000 1.000000 0.000000
0.000000 1.000000 0.000000
0.000000 1.000000 0.000000
0.000000 1.000000 0.000000
0.000000 1.000000 0.000000
0.000000 1.000000 0.000000
0.000000 1.000000 0.000000
0.000000 1.000000 0.000000
0.000000 1.000000 0.000000
0.000000 1.000000 0.000000
0.000000 1.000000 0.000000
0.000000 1.000000 0.000000
0.000000 1.000000 0.000000
0.000000 1.000000 0.000000
0.000000 1.000000 0.000000
0.000000 1.000000 0.000000
0.000000 1.000000 0.000000
0.000000 1.000000 0.000000
0.000000 1.000000 0.000000
0.000000 1.000000 0.000000
0.000000 1.000000 0.000000
0.000000 1.000000 0.000000
0.000000 1.000000 0.000000
0.000000 1.000000 0.000000
0.000000 1.000000 0.000000
0.000000 1.000000 0.000000
0.000000 1.000000 0.000000
0.000000 1.000000 0.000000
0.000000 1.000000 0.000000
0.000000 1.000000 0.000000
0.000000 1.000000 0.000000
0.000000 1.000000 0.000000
0.000000 1.000000 0.000000
0.000000 1.000000 0.000000
0.000000 1.000000 0.000000
0.000000 1.000000 0.000000
0.000000 1.000000 0.000000
0.000000 1.000000 0.000000
0.000000 1.000000 0.000000
0.000000 1.000000 0.000000
0.000000 1.000000 0.000000
0.000000 1.000000 0.000000
0.000000 1.000000 0.000000
0.000000 1.000000 0.000000
0.000000 1.000000 0.000000
0.000000 1.000000 0.000000
0.000000 1.000000 0.000000
0.000000 1.000000 0.000000
0.000000 1.000000 0.000000
0.000000 1.000000 0.000000
0.000000 1.000000 0.000000
0.000000 1.000000 0.000000
0.000000 1.000000 0.000000
0.000000 1.000000 0.000000
0.000000 1.000000 0.000000
0.000000 1.000000 0.000000
0.000000 1.000000 0.000000
0.000000 1.000000 0.000000
0.000000 1.000000 0.000000
0.000000 1.000000 0.000000
0.000000 1.000000 0.000000
0.000000 1.000000 0.000000
0.000000 1.000000 0.000000
0.000000 1.000000 0.000000
0.000000 1.000000 0.000000
0.000000 1.000000 0.000000
0.000000 1.000000 0.000000
0.000000 1.000000 0.000000
0.000000 1.000000 0.000000
0.000000 1.000000 0.000000
0.000000 1.000000 0.000000
0.000000 1.000000 0.000000
0.000000 1.000000 0.000000
0.000000 1.000000 0.000000
0.000000 1.000000 0.000000
0.000000 1.000000 0.000000
0.000000 1.000000 0.000000
0.000000 1.000000 0.000000
0.000000 1.000000 0.000000
0.000000 1.000000 0.000000
0.000000 1.000000 0.000000
0.000000 1.000000 0.000000
0.000000 1.000000 0.000000
0.000000 1.000000 0.000000
0.000000 1.000000 0.000000
0.000000 1.000000 0.000000
0.000000 1.000000 0.000000
0.000000 1.000000 0.000000
0.000000 1.000000 0.000000
0.000000 1.000000 0.000000
0.000000 1.000000 0.000000
0.000000 1.000000 0.000000
0.000000 1.000000 0.000000
0.000000 1.000000 0.000000
0.000000 1.000000 0.000000
0.000000 1.000000 0.000000
0.000000 1.000000 0.000000
0.000000 1.000000 0.000000
0.000000 1.000000 0.000000
0.000000 1.000000 0.000000
0.000000 1.000000 0.000000
0.000000 1.000000 0.000000
0.000000 1.000000 0.000000
0.000000 1.000000 0.000000
0.000000 1.000000 0.000000
0.000000 1.000000 0.000000
0.000000 1.000000 0.000000
0.000000 1.000000 0.000000
0.000000 1.000000 0.000000
0.000000 1.000000 0.000000
0.000000 1.000000 0.000000
0.000000 1.000000 0.000000
0.000000 1.000000 0.000000
0.000000 1.000000 0.000000
0.000000 1.000000 0.000000
0.000000 1.000000 0.000000
0.000000 1.000000 0.000000
0.000000 1.000000 0.000000
0.000000 1.000000 0.000000
0.000000 1.000000 0.000000
0.000000 1.000000 0.000000
0.000000 1.000000 0.000000
0.000000 1.000000 0.000000
0.000000 1.000000 0.000000
0.000000 1.000000 0.000000
0.000000 1.000000 0.000000
0.000000 1.000000 0.000000
0.000000 1.000000 0.000000
0.000000 1.000000 0.000000
0.000000 1.000000 0.000000
0.000000 1.000000 0.000000
0.000000 1.000000 0.000000
0.000000 1.000000 0.000000
0.000000 1.000000 0.000000
0.000000 1.000000 0.000000
0.000000 1.000000 0.000000
0.000000 1.000000 0.000000
0.000000 1.000000 0.000000
0.000000 1.000000 0.000000
0.000000 1.000000 0.000000
0.000000 1.000000 0.000000
0.000000 1.000000 0.000000
0.000000 1.000000 0.000000
0.000000 1.000000 0.000000
0.000000 1.000000 0.000000
0.000000 1.000000 0.000000
0.000000 1.000000 0.000000
0.000000 1.000000 0.000000
0.000000 1.000000 0.000000
0.000000 1.000000 0.000000
0.000000 1.000000 0.000000
0.000000 1.000000 0.000000
0.000000 1.000000 0.000000
0.000000 1.000000 0.000000
0.000000 1.000000 0.000000
0.000000 1.000000 0.000000
0.000000 1.000000 0.000000
0.000000 1.000000 0.000000
0.000000 1.000000 0.000000
0.000000 1.000000 0.000000
0.000000 1.000000 0.000000
0.000000 1.000000 0.000000
0.000000 1.000000 0.000000
0.000000 1.000000 0.000000
0.000000 1.000000 0.000000
0.000000 1.000000 0.000000
0.000000 1.000000 0.000000
0.000000 1.000000 0.000000
0.000000 1.000000 0.000000
0.000000 1.000000 0.000000
0.000000 1.000000 0.000000
0.000000 1.000000 0.000000
0.000000 1.000000 0.000000
0.000000 1.000000 0.000000
0.000000 1.000000 0.000000
0.000000 1.000000 0.000000
0.000000 1.000000 0.000000
0.000000 1.000000 0.000000
0.000000 1.000000 0.000000
0.000000 1.000000 0.000000
0.000000 1.000000 0.000000
0.000000 1.000000 0.000000
0.000000 1.000000 0.000000
0.000000 1.000000 0.000000
0.000000 1.000000 0.000000
0.000000 1.000000 0.000000
0.000000 1.000000 0.000000
0.000000 1.000000 0.000000
0.000000 1.000000 0.000000
0.000000 1.000000 0.000000
0.000000 1.000000 0.000000
0.000000 1.000000 0.000000
0.000000 1.000000 0.000000
0.000000 1.000000 0.000000
0.000000 1.000000 0.000000
0.000000 1.000000 0.000000
0.000000 1.000000 0.000000
0.000000 1.000000 0.000000
0.000000 1.000000 0.000000
0.000000 1.000000 0.000000
0.000000 1.000000 0.000000
0.000000 1.000000 0.000000
0.000000 1.000000 0.000000
0.000000 1.000000 0.000000
0.000000 1.000000 0.000000
0.000000 1.000000 0.000000
0.000000 1.000000 0.000000
0.000000 1.000000 0.000000
0.000000 1.000000 0.000000
0.000000 1.000000 0.000000
0.000000 0.000000
0.058824 0.000000
0.117647 0.000000
0.176471 0.000000
0.235294 0.000000
0.294118 0.000000
0.352941 0.000000
0.411765 0.000000
0.470588 0.000000
0.529412 0.000000
0.588235 0.000000
0.647059 0.000000
0.705882 0.000000
0.764706 0.000000
0.823529 0.000000
0.882353 0.000000
0.941176 0.000000
0.000000 0.058824
0.058824 0.058824
0.117647 0.058824
0.176471 0.058824
0.235294 0.058824
0.294118 0.058824
0.352941 0.058824
0.411765 0.058824
0.470588 0.058824
0.529412 0.058824
0.588235 0.058824
0.647059 0.058824
0.705882 0.058824
0.764706 0.058824
0.823529 0.058824
0.882353 0.058824
0.941176 0.058824
0.000000 0.117647
0.058824 0.117647
0.117647 0.117647
0.176471 0.117647
0.235294 0.117647
0.294118 0.117647
0.352941 0.117647
0.411765 0.117647
0.470588 0.117647
0.529412 0.117647
0.588235 0.117647
0.647059 0.117647
0.705882 0.117647
0.764706 0.117647
0.823529 0.117647
0.882353 0.117647
0.941176 0.117647
0.000000 0.176471
0.058824 0.176471
0.117647 0.176471
0.176471 0.176471
0.235294 0.176471
0.294118 0.176471
0.352941 0.176471
0.411765 0.176471
0.470588 0.176471
0.529412 0.176471
0.588235 0.176471
0.647059 0.176471
0.705882 0.176471
0.764706 0.176471
0.823529 0.176471
0.882353 0.176471
0.941176 0.176471
0.000000 0.235294
0.058824 0.235294
0.117647 0.235294
0.176471 0.235294
0.235294 0.235294
0.294118 0.235294
0.352941 0.235294
0.411765 0.235294
0.470588 0.235294
0.529412 0.235294
0.588235 0.235294
0.647059 0.235294
0.705882 0.235294
0.764706 0.235294
0.823529 0.235294
0.882353 0.235294
0.941176 0.235294
0.000000 0.294118
0.058824 0.294118
0.117647 0.294118
0.176471 0.294118
0.235294 0.294118
0.294118 0.294118
0.352941 0.294118
0.411765 0.294118
0.470588 0.294118
0.529412 0.294118
0.588235 0.294118
0.647059 0.294118
0.705882 0.294118
0.764706 0.294118
0.823529 0.294118
0.882353 0.294118
0.941176 0.294118
0.000000 0.352941
0.058824 0.352941
0.117647 0.352941
0.176471 0.352941
0.235294 0.352941
0.294118 0.352941
0.352941 0.352941
0.411765 0.352941
0.470588 0.352941
0.529412 0.352941
0.588235 0.352941
0.647059 0.352941
0.705882 0.352941
0.764706 0.352941
0.823529 0.352941
0.882353 0.352941
0.941176 0.352941
0.000000 0.411765
0.058824 0.411765
0.117647 0.411765
0.176471 0.411765
0.235294 0.411765
0.294118 0.411765
0.352941 0.411765
0.411765 0.411765
0.470588 0.411765
0.529412 0.411765
0.588235 0.411765
0.647059 0.411765
0.705882 0.411765
0.764706 0.411765
0.823529 0.411765
0.882353 0.411765
0.941176 0.411765
0.000000 0.470588
0.058824 0.470588
0.117647 0.470588
0.176471 0.470588
0.235294 0.470588
0.294118 0.470588
0.352941 0.470588
0.411765 0.470588
0.470588 0.470588
0.529412 0.470588
0.588235 0.470588
0.647059 0.470588
0.705882 0.470588
0.764706 0.470588
0.823529 0.470588
0.882353 0.470588
0.941176 0.470588
0.000000 0.529412
0.058824 0.529412
0.117647 0.529412
0.176471 0.529412
0.235294 0.529412
0.294118 0.529412
0.352941 0.529412
0.411765 0.529412
0.470588 0.529412
0.529412 0.529412
0.588235 0.529412
0.647059 0.529412
0.705882 0.529412
0.764706 0.529412
0.823529 0.529412
0.882353 0.529412
0.941176 0.529412
0.000000 0.588235
0.058824 0.588235
0.117647 0.588235
0.176471 0.588235
0.235294 0.588235
0.294118 0.588235
0.352941 0.588235
0.411765 0.588235
0.470588 0.588235
0.529412 0.588235
0.588235 0.588235
0.647059 0.588235
0.705882 0.588235
0.764706 0.588235
0.823529 0.588235
0.882353 0.588235
0.941176 0.588235
0.000000 0.647059
0.058824 0.647059
0.117647 0.647059
0.176471 0.647059
0.235294 0.647059
0.294118 0.647059
0.352941 0.647059
0.411765 0.647059
0.470588 0.647059
0.529412 0.647059
0.588235 0.647059
0.647059 0.647059
0.705882 0.647059
0.764706 0.647059
0.823529 0.647059
0.882353 0.647059
0.941176 0.647059
0.000000 0.705882
0.058824 0.705882
0.117647 0.705882
0.176471 0.705882
0.235294 0.705882
0.294118 0.705882
0.352941 0.705882
0.411765 0.705882
0.470588 0.705882
0.529412 0.705882
0.588235 0.705882
0.647059 0.705882
0.705882 0.705882
0.764706 0.705882
0.823529 0.705882
0.882353 0.705882
0.941176 0.705882
0.000000 0.764706
0.058824 0.764706
0.117647 0.764706
0.176471 0.764706
0.235294 0.764706
0.294118 0.764706
0.352941 0.764706
0.411765 0.764706
0.470588 0.764706
0.529412 0.764706
0.588235 0.764706
0.647059 0.764706
0.705882 0.764706
0.764706 0.764706
0.823529 0.764706
0.882353 0.764706
0.941176 0.764706
0.000000 0.823529
0.058824 0.823529
0.117647 0.823529
0.176471 0.823529
0.235294 0.823529
0.294118 0.823529
0.352941 0.823529
0.411765 0.823529
0.470588 0.823529
0.529412 0.823529
0.588235 0.823529
0.647059 0.823529
0.705882 0.823529
0.764706 0.823529
0.823529 0.823529
0.882353 0.823529
0.941176 0.823529
0.000000 0.882353
0.058824 0.882353
0.117647 0.882353
0.176471 0.882353
0.235294 0.882353
0.294118 0.882353
0.352941 0.882353
0.411765 0.882353
0.470588 0.882353
0.529412 0.882353
0.588235 0.882353
0.647059 0.882353
0.705882 0.882353
0.764706 0.882353
0.823529 0.882353
0.882353 0.882353
0.941176 0.882353
0.000000 0.941176
0.058824 0.941176
0.117647 0.941176
0.176471 0.941176
0.235294 0.941176
0.294118 0.941176
0.352941 0.941176
0.411765 0.941176
0.470588 0.941176
0.529412 0.941176
0.588235 0.941176
0.647059 0.941176
0.705882 0.941176
0.764706 0.941176
0.823529 0.941176
0.882353 0.941176
0.941176 0.941176
