289
-8.000000 0.000000 -8.000000
-7.000000 0.000000 -8.000000
-6.000000 0.000000 -8.000000
-5.000000 0.000000 -8.000000
-4.000000 0.000000 -8.000000
-3.000000 0.000000 -8.000000
-2.000000 0.000000 -8.000000
-1.000000 0.000000 -8.000000
0.000000 0.000000 -8.000000
1.000000 0.000000 -8.000000
2.000000 0.000000 -8.000000
3.000000 0.000000 -8.000000
4.000000 0.000000 -8.000000
5.000000 0.000000 -8.000000
6.000000 0.000000 -8.000000
7.000000 0.000000 -8.000000
8.000000 0.000000 -8.000000
-8.000000 0.000000 -7.000000
-7.000000 0.000000 -7.000000
-6.000000 0.000000 -7.000000
-5.000000 0.000000 -7.000000
-4.000000 0.000000 -7.000000
-3.000000 0.000000 -7.000000
-2.000000 0.000000 -7.000000
-1.000000 0.000000 -7.000000
0.000000 0.000000 -7.000000
1.000000 0.000000 -7.000000
2.000000 0.000000 -7.000000
3.000000 0.000000 -7.000000
4.000000 0.000000 -7.000000
5.000000 0.000000 -7.000000
6.000000 0.000000 -7.000000
7.000000 0.000000 -7.000000
8.000000 0.000000 -7.000000
-8.000000 0.000000 -6.000000
-7.000000 0.000000 -6.000000
-6.000000 0.000000 -6.000000
-5.000000 0.000000 -6.000000
-4.000000 0.000000 -6.000000
-3.000000 0.000000 -6.000000
-2.000000 0.000000 -6.000000
-1.000000 0.000000 -6.000000
0.000000 0.000000 -6.000000
1.000000 0.000000 -6.000000
2.000000 0.000000 -6.000000
3.000000 0.000000 -6.000000
4.000000 0.000000 -6.000000
5.000000 0.000000 -6.000000
6.000000 0.000000 -6.000000
7.000000 0.000000 -6.000000
8.000000 0.000000 -6.000000
-8.000000 0.000000 -5.000000
-7.000000 0.000000 -5.000000
-6.000000 0.300000 -5.000000
-5.000000 0.600000 -5.000000
-4.000000 0.000000 -5.000000
-3.000000 0.000000 -5.000000
-2.000000 0.000000 -5.000000
-1.000000 0.000000 -5.000000
0.000000 0.000000 -5.000000
1.000000 0.000000 -5.000000
2.000000 0.000000 -5.000000
3.000000 0.000000 -5.000000
4.000000 0.000000 -5.000000
5.000000 0.000000 -5.000000
6.000000 0.000000 -5.000000
7.000000 0.000000 -5.000000
8.000000 0.000000 -5.000000
-8.000000 0.000000 -4.000000
-7.000000 0.000000 -4.000000
-6.000000 0.500000 -4.000000
-5.000000 0.900000 -4.000000
-4.000000 0.300000 -4.000000
-3.000000 0.000000 -4.000000
-2.000000 0.000000 -4.000000
-1.000000 0.000000 -4.000000
0.000000 0.000000 -4.000000
1.000000 0.000000 -4.000000
2.000000 0.000000 -4.000000
3.000000 0.000000 -4.000000
4.000000 0.000000 -4.000000
5.000000 0.000000 -4.000000
6.000000 0.000000 -4.000000
7.000000 0.000000 -4.000000
8.000000 0.000000 -4.000000
-8.000000 0.000000 -3.000000
-7.000000 0.000000 -3.000000
-6.000000 0.300000 -3.000000
-5.000000 0.500000 -3.000000
-4.000000 0.000000 -3.000000
-3.000000 0.000000 -3.000000
-2.000000 0.000000 -3.000000
-1.000000 0.000000 -3.000000
0.000000 0.000000 -3.000000
1.000000 0.900000 -3.000000
2.000000 0.000000 -3.000000
3.000000 0.000000 -3.000000
4.000000 0.000000 -3.000000
5.000000 0.000000 -3.000000
6.000000 0.000000 -3.000000
7.000000 0.000000 -3.000000
8.000000 0.000000 -3.000000
-8.000000 0.000000 -2.000000
-7.000000 0.000000 -2.000000
-6.000000 0.300000 -2.000000
-5.000000 0.300000 -2.000000
-4.000000 0.000000 -2.000000
-3.000000 0.000000 -2.000000
-2.000000 0.250000 -2.000000
-1.000000 0.300000 -2.000000
0.000000 1.200000 -2.000000
1.000000 1.500000 -2.000000
2.000000 0.900000 -2.000000
3.000000 0.000000 -2.000000
4.000000 0.000000 -2.000000
5.000000 0.000000 -2.000000
6.000000 0.000000 -2.000000
7.000000 0.000000 -2.000000
8.000000 0.000000 -2.000000
-8.000000 0.000000 -1.000000
-7.000000 0.000000 -1.000000
-6.000000 0.000000 -1.000000
-5.000000 0.550000 -1.000000
-4.000000 0.000000 -1.000000
-3.000000 0.300000 -1.000000
-2.000000 0.600000 -1.000000
-1.000000 0.600000 -1.000000
0.000000 0.000000 -1.000000
1.000000 0.000000 -1.000000
2.000000 1.200000 -1.000000
3.000000 0.300000 -1.000000
4.000000 0.000000 -1.000000
5.000000 0.000000 -1.000000
6.000000 0.000000 -1.000000
7.000000 0.000000 -1.000000
8.000000 0.000000 -1.000000
-8.000000 0.000000 0.000000
-7.000000 0.000000 0.000000
-6.000000 0.000000 0.000000
-5.000000 0.600000 0.000000
-4.000000 0.300000 0.000000
-3.000000 0.900000 0.000000
-2.000000 1.200000 0.000000
-1.000000 0.000000 0.000000
0.000000 0.000000 0.000000
1.000000 0.000000 0.000000
2.000000 0.600000 0.000000
3.000000 0.300000 0.000000
4.000000 0.000000 0.000000
5.000000 0.000000 0.000000
6.000000 0.000000 0.000000
7.000000 0.000000 0.000000
8.000000 0.000000 0.000000
-8.000000 0.000000 1.000000
-7.000000 0.000000 1.000000
-6.000000 0.000000 1.000000
-5.000000 0.450000 1.000000
-4.000000 0.300000 1.000000
-3.000000 0.600000 1.000000
-2.000000 1.400000 1.000000
-1.000000 1.949999 1.000000
0.000000 1.200000 1.000000
1.000000 0.600000 1.000000
2.000000 0.600000 1.000000
3.000000 0.000000 1.000000
4.000000 0.000000 1.000000
5.000000 0.000000 1.000000
6.000000 0.000000 1.000000
7.000000 0.000000 1.000000
8.000000 0.000000 1.000000
-8.000000 0.000000 2.000000
-7.000000 0.000000 2.000000
-6.000000 0.000000 2.000000
-5.000000 0.600000 2.000000
-4.000000 0.850000 2.000000
-3.000000 0.000000 2.000000
-2.000000 0.000000 2.000000
-1.000000 0.000000 2.000000
0.000000 0.300000 2.000000
1.000000 0.300000 2.000000
2.000000 0.600000 2.000000
3.000000 0.000000 2.000000
4.000000 0.000000 2.000000
5.000000 0.000000 2.000000
6.000000 0.000000 2.000000
7.000000 0.000000 2.000000
8.000000 0.000000 2.000000
-8.000000 0.000000 3.000000
-7.000000 0.000000 3.000000
-6.000000 0.000000 3.000000
-5.000000 0.600000 3.000000
-4.000000 0.900000 3.000000
-3.000000 0.900000 3.000000
-2.000000 0.600000 3.000000
-1.000000 0.600000 3.000000
0.000000 0.600000 3.000000
1.000000 0.300000 3.000000
2.000000 0.000000 3.000000
3.000000 0.000000 3.000000
4.000000 0.000000 3.000000
5.000000 0.000000 3.000000
6.000000 0.000000 3.000000
7.000000 0.000000 3.000000
8.000000 0.000000 3.000000
-8.000000 0.000000 4.000000
-7.000000 0.000000 4.000000
-6.000000 0.000000 4.000000
-5.000000 0.000000 4.000000
-4.000000 0.000000 4.000000
-3.000000 0.600000 4.000000
-2.000000 0.600000 4.000000
-1.000000 0.600000 4.000000
0.000000 0.000000 4.000000
1.000000 0.000000 4.000000
2.000000 0.000000 4.000000
3.000000 0.000000 4.000000
4.000000 0.000000 4.000000
5.000000 0.000000 4.000000
6.000000 0.000000 4.000000
7.000000 0.000000 4.000000
8.000000 0.000000 4.000000
-8.000000 0.000000 5.000000
-7.000000 0.000000 5.000000
-6.000000 0.000000 5.000000
-5.000000 0.000000 5.000000
-4.000000 0.000000 5.000000
-3.000000 0.000000 5.000000
-2.000000 0.000000 5.000000
-1.000000 0.000000 5.000000
0.000000 0.000000 5.000000
1.000000 0.000000 5.000000
2.000000 0.000000 5.000000
3.000000 0.000000 5.000000
4.000000 0.000000 5.000000
5.000000 0.000000 5.000000
6.000000 0.000000 5.000000
7.000000 0.000000 5.000000
8.000000 0.000000 5.000000
-8.000000 0.000000 6.000000
-7.000000 0.000000 6.000000
-6.000000 0.000000 6.000000
-5.000000 0.000000 6.000000
-4.000000 0.000000 6.000000
-3.000000 0.000000 6.000000
-2.000000 0.000000 6.000000
-1.000000 0.000000 6.000000
0.000000 0.000000 6.000000
1.000000 0.000000 6.000000
2.000000 0.000000 6.000000
3.000000 0.000000 6.000000
4.000000 0.000000 6.000000
5.000000 0.000000 6.000000
6.000000 0.000000 6.000000
7.000000 0.000000 6.000000
8.000000 0.000000 6.000000
-8.000000 0.000000 7.000000
-7.000000 0.000000 7.000000
-6.000000 0.000000 7.000000
-5.000000 0.000000 7.000000
-4.000000 0.000000 7.000000
-3.000000 0.000000 7.000000
-2.000000 0.000000 7.000000
-1.000000 0.000000 7.000000
0.000000 0.000000 7.000000
1.000000 0.000000 7.000000
2.000000 0.000000 7.000000
3.000000 0.000000 7.000000
4.000000 0.000000 7.000000
5.000000 0.000000 7.000000
6.000000 0.000000 7.000000
7.000000 0.000000 7.000000
8.000000 0.000000 7.000000
-8.000000 0.000000 8.000000
-7.000000 0.000000 8.000000
-6.000000 0.000000 8.000000
-5.000000 0.000000 8.000000
-4.000000 0.000000 8.000000
-3.000000 0.000000 8.000000
-2.000000 0.000000 8.000000
-1.000000 0.000000 8.000000
0.000000 0.000000 8.000000
1.000000 0.000000 8.000000
2.000000 0.000000 8.000000
3.000000 0.000000 8.000000
4.000000 0.000000 8.000000
5.000000 0.000000 8.000000
6.000000 0.000000 8.000000
7.000000 0.000000 8.000000
8.000000 0.000000 8.000000
0.000000 1.000000 0.000000
0.000000 1.000000 0.000000
0.000000 1.000000 0.000000
0.000000 1.000000 0.000000
0.000000 1.000000 0.000000
0.000000 1.000000 0.000000
0.000000 1.000000 0.000000
0.000000 1.000000 0.000000
0.000000 1.000000 0.000000
0.000000 1.000000 0.000000
0.000000 1.000000 0.000000
0.000000 1.000000 0.000000
0.000000 1.000000 0.000000
0.000000 1.000000 0.000000
0.000000 1.000000 0.000000
0.000000 1.000000 0.000000
0.000000 1.000000 0.000000
0.000000 1.000000 0.000000
0.000000 1.000000 0.000000
0.000000 1.000000 0.000000
0.000000 1.000000 0.000000
0.000000 1.000000 0.000000
0.000000 1.000000 0.000000
0.000000 1.000000 0.000000
0.000000 1.000000 0.000000
0.000000 1.000000 0.000000
0.000000 1.000000 0.000000
0.000000 1.000000 0.000000
0.000000 1.000000 0.000000
0.000000 1.000000 0.000000
0.000000 1.000000 0.000000
0.000000 1.000000 0.000000
0.000000 1.000000 0.000000
0.000000 1.000000 0.000000
0.000000 1.000000 0.000000
0.000000 1.000000 0.000000
0.000000 1.000000 0.000000
0.000000 1.000000 0.000000
0.000000 1.000000 0.000000
0.000000 1.000000 0.000000
0.000000 1.000000 0.000000
0.000000 1.000000 0.000000
0.000000 1.000000 0.000000
0.000000 1.000000 0.000000
0.000000 1.000000 0.000000
0.000000 1.000000 0.000000
0.000000 1.000000 0.000000
0.000000 1.000000 0.000000
0.000000 1.000000 0.000000
0.000000 1.000000 0.000000
0.000000 1.000000 0.000000
0.000000 1.000000 0.000000
0.000000 1.000000 0.000000
0.000000 1.000000 0.000000
0.000000 1.000000 0.000000
0.000000 1.000000 0.000000
0.000000 1.000000 0.000000
0.000000 1.000000 0.000000
0.000000 1.000000 0.000000
0.000000 1.000000 0.000000
0.000000 1.000000 0.000000
0.000000 1.000000 0.000000
0.000000 1.000000 0.000000
0.000000 1.000000 0.000000
0.000000 1.000000 0.000000
0.000000 1.000000 0.000000
0.000000 1.000000 0.000000
0.000000 1.000000 0.000000
0.000000 1.000000 0.000000
0.000000 1.000000 0.000000
0.000000 1.000000 0.000000
0.000000 1.000000 0.000000
0.000000 1.000000 0.000000
0.000000 1.000000 0.000000
0.000000 1.000000 0.000000
0.000000 1.000000 0.000000
0.000000 1.000000 0.000000
0.000000 1.000000 0.000000
0.000000 1.000000 0.000000
0.000000 1.000000 0.000000
0.000000 1.000000 0.000000
0.000000 1.000000 0.000000
0.000000 1.000000 0.000000
0.000000 1.000000 0.000000
0.000000 1.000000 0.000000
0.000000 1.000000 0.000000
0.000000 1.000000 0.000000
0.000000 1.000000 0.000000
0.000000 1.000000 0.000000
0.000000 1.000000 0.000000
0.000000 1.000000 0.000000
0.000000 1.000000 0.000000
0.000000 1.000000 0.000000
0.000000 1.000000 0.000000
0.000000 1.000000 0.000000
0.000000 1.000000 0.000000
0.000000 1.000000 0.000000
0.000000 1.000000 0.000000
0.000000 1.000000 0.000000
0.000000 1.000000 0.000000
0.000000 1.000000 0.000000
0.000000 1.000000 0.000000
0.000000 1.000000 0.000000
0.000000 1.000000 0.000000
0.000000 1.000000 0.000000
0.000000 1.000000 0.000000
0.000000 1.000000 0.000000
0.000000 1.000000 0.000000
0.000000 1.000000 0.000000
0.000000 1.000000 0.000000
0.000000 1.000000 0.000000
0.000000 1.000000 0.000000
0.000000 1.000000 0.000000
0.000000 1.000000 0.000000
0.000000 1.000000 0.000000
0.000000 1.000000 0.000000
0.000000 1.000000 0.000000
0.000000 1.000000 0.000000
0.000000 1.000000 0.000000
0.000000 1.000000 0.000000
0.000000 1.000000 0.000000
0.000000 1.000000 0.000000
0.000000 1.000000 0.000000
0.000000 1.000000 0.000000
0.000000 1.000000 0.000000
0.000000 1.000000 0.000000
0.000000 1.000000 0.000000
0.000000 1.000000 0.000000
0.000000 1.000000 0.000000
0.000000 1.000000 0.000000
0.000000 1.000000 0.000000
0.000000 1.000000 0.000000
0.000000 1.000000 0.000000
0.000000 1.000000 0.000000
0.000000 1.000000 0.000000
0.000000 1.000000 0.000000
0.000000 1.000000 0.000000
0.000000 1.000000 0.000000
0.000000 1.000000 0.000000
0.000000 1.000000 0.000000
0.000000 1.000000 0.000000
0.000000 1.000000 0.000000
0.000000 1.000000 0.000000
0.000000 1.000000 0.000000
0.000000 1.000000 0.000000
0.000000 1.000000 0.000000
0.000000 1.000000 0.000000
0.000000 1.000000 0.000000
0.000000 1.000000 0.000000
0.000000 1.000000 0.000000
0.000000 1.000000 0.000000
0.000000 1.000000 0.000000
0.000000 1.000000 0.000000
0.000000 1.000000 0.000000
0.000000 1.000000 0.000000
0.000000 1.000000 0.000000
0.000000 1.000000 0.000000
0.000000 1.000000 0.000000
0.000000 1.000000 0.000000
0.000000 1.000000 0.000000
0.000000 1.000000 0.000000
0.000000 1.000000 0.000000
0.000000 1.000000 0.000000
0.000000 1.000000 0.000000
0.000000 1.000000 0.000000
0.000000 1.000000 0.000000
0.000000 1.000000 0.000000
0.000000 1.000000 0.000000
0.000000 1.000000 0.000000
0.000000 1.000000 0.000000
0.000000 1.000000 0.000000
0.000000 1.000000 0.000000
0.000000 1.000000 0.000000
0.000000 1.000000 0.000000
0.000000 1.000000 0.000000
0.000000 1.000000 0.000000
0.000000 1.000000 0.000000
0.000000 1.000000 0.000000
0.000000 1.000000 0.000000
0.000000 1.000000 0.000000
0.000000 1.000000 0.000000
0.000000 1.000000 0.000000
0.000000 1.000000 0.000000
0.000000 1.000000 0.000000
0.000000 1.000000 0.000000
0.000000 1.000000 0.000000
0.000000 1.000000 0.000000
0.000000 1.000000 0.000000
0.000000 1.000000 0.000000
0.000000 1.000000 0.000000
0.000000 1.000000 0.000000
0.000000 1.000000 0.000000
0.000000 1.000000 0.000000
0.000000 1.000000 0.000000
0.000000 1.000000 0.000000
0.000000 1.000000 0.000000
0.000000 1.000000 0.000000
0.000000 1.000000 0.000000
0.000000 1.000000 0.000000
0.000000 1.000000 0.000000
0.000000 1.000000 0.000000
0.000000 1.000000 0.000000
0.000000 1.000000 0.000000
0.000000 1.000000 0.000000
0.000000 1.000000 0.000000
0.000000 1.000000 0.000000
0.000000 1.000000 0.000000
0.000000 1.000000 0.000000
0.000000 1.000000 0.000000
0.000000 1.000000 0.000000
0.000000 1.000000 0.000000
0.000000 1.000000 0.000000
0.000000 1.000000 0.000000
0.000000 1.000000 0.000000
0.000000 1.000000 0.000000
0.000000 1.000000 0.000000
0.000000 1.000000 0.000000
0.000000 1.000000 0.000000
0.000000 1.000000 0.000000
0.000000 1.000000 0.000000
0.000000 1.000000 0.000000
0.000000 1.000000 0.000000
0.000000 1.000000 0.000000
0.000000 1.000000 0.000000
0.000000 1.000000 0.000000
0.000000 1.000000 0.000000
0.000000 1.000000 0.000000
0.000000 1.000000 0.000000
0.000000 1.000000 0.000000
0.000000 1.000000 0.000000
0.000000 1.000000 0.000000
0.000000 1.000000 0.000000
0.000000 1.000000 0.000000
0.000000 1.000000 0.000000
0.000000 1.000000 0.000000
0.000000 1.000000 0.000000
0.000000 1.000000 0.000000
0.000000 1.000000 0.000000
0.000000 1.000000 0.000000
0.000000 1.000000 0.000000
0.000000 1.000000 0.000000
0.000000 1.000000 0.000000
0.000000 1.000000 0.000000
0.000000 1.000000 0.000000
0.000000 1.000000 0.000000
0.000000 1.000000 0.000000
0.000000 1.000000 0.000000
0.000000 1.000000 0.000000
0.000000 1.000000 0.000000
0.000000 1.000000 0.000000
0.000000 1.000000 0.000000
0.000000 1.000000 0.000000
0.000000 1.000000 0.000000
0.000000 1.000000 0.000000
0.000000 1.000000 0.000000
0.000000 1.000000 0.000000
0.000000 1.000000 0.000000
0.000000 1.000000 0.000000
0.000000 1.000000 0.000000
0.000000 1.000000 0.000000
0.000000 1.000000 0.000000
0.000000 1.000000 0.000000
0.000000 1.000000 0.000000
0.000000 1.000000 0.000000
0.000000 1.000000 0.000000
0.000000 1.000000 0.000000
0.000000 1.000000 0.000000
0.000000 1.000000 0.000000
0.000000 1.000000 0.000000
0.000000 1.000000 0.000000
0.000000 1.000000 0.000000
0.000000 1.000000 0.000000
0.000000 1.000000 0.000000
0.000000 1.000000 0.000000
0.000000 1.000000 0.000000
0.000000 1.000000 0.000000
0.000000 1.000000 0.000000
0.000000 1.000000 0.000000
0.000000 1.000000 0.000000
0.000000 1.000000 0.000000
0.000000 1.000000 0.000000
0.000000 1.000000 0.000000
0.000000 1.000000 0.000000
0.000000 1.000000 0.000000
0.000000 1.000000 0.000000
0.000000 1.000000 0.000000
0.000000 1.000000 0.000000
0.000000 1.000000 0.000000
0.000000 1.000000 0.000000
0 0
0 0
0 0
0 0
0 0
0 0
0 0
0 0
0 0
0 0
0 0
0 0
0 0
0 0
0 0
0 0
0 0
0 0
0 0
0 0
0 0
0 0
0 0
0 0
0 0
0 0
0 0
0 0
0 0
0 0
0 0
0 0
0 0
0 0
0 0
0 0
0 0
0 0
0 0
0 0
0 0
0 0
0 0
0 0
0 0
0 0
0 0
0 0
0 0
0 0
0 0
0 0
0 0
0 0
0 0
0 0
0 0
0 0
0 0
0 0
0 0
0 0
0 0
0 0
0 0
0 0
0 0
0 0
0 0
0 0
0 0
0 0
0 0
0 0
0 0
0 0
0 0
0 0
0 0
0 0
0 0
0 0
0 0
0 0
0 0
0 0
0 0
0 0
0 0
0 0
0 0
0 0
0 0
0 0
0 0
0 0
0 0
0 0
0 0
0 0
0 0
0 0
0 0
0 0
0 0
0 0
0 0
0 0
0 0
0 0
0 0
0 0
0 0
0 0
0 0
0 0
0 0
0 0
0 0
0 0
0 0
0 0
0 0
0 0
0 0
0 0
0 0
0 0
0 0
0 0
0 0
0 0
0 0
0 0
0 0
0 0
0 0
0 0
0 0
0 0
0 0
0 0
0 0
0 0
0 0
0 0
0 0
0 0
0 0
0 0
0 0
0 0
0 0
0 0
0 0
0 0
0 0
0 0
0 0
0 0
0 0
0 0
0 0
0 0
0 0
0 0
0 0
0 0
0 0
0 0
0 0
0 0
0 0
0 0
0 0
0 0
0 0
0 0
0 0
0 0
0 0
0 0
0 0
0 0
0 0
0 0
0 0
0 0
0 0
0 0
0 0
0 0
0 0
0 0
0 0
0 0
0 0
0 0
0 0
0 0
0 0
0 0
0 0
0 0
0 0
0 0
0 0
0 0
0 0
0 0
0 0
0 0
0 0
0 0
0 0
0 0
0 0
0 0
0 0
0 0
0 0
0 0
0 0
0 0
0 0
0 0
0 0
0 0
0 0
0 0
0 0
0 0
0 0
0 0
0 0
0 0
0 0
0 0
0 0
0 0
0 0
0 0
0 0
0 0
0 0
0 0
0 0
0 0
0 0
0 0
0 0
0 0
0 0
0 0
0 0
0 0
0 0
0 0
0 0
0 0
0 0
0 0
0 0
0 0
0 0
0 0
0 0
0 0
0 0
0 0
0 0
0 0
0 0
0 0
0 0
0 0
0 0
0 0
0 0
0 0
0 0
0 0
0 0
0 0
0 0
0 0
0 0
0 0
0 0
