289
-8.000000 0.000000 -8.000000
-7.000000 0.000000 -8.000000
-6.000000 0.000000 -8.000000
-5.000000 0.000000 -8.000000
-4.000000 0.000000 -8.000000
-3.000000 0.000000 -8.000000
-2.000000 0.000000 -8.000000
-1.000000 0.000000 -8.000000
0.000000 0.000000 -8.000000
1.000000 0.000000 -8.000000
2.000000 0.000000 -8.000000
3.000000 0.000000 -8.000000
4.000000 0.000000 -8.000000
5.000000 0.000000 -8.000000
6.000000 0.000000 -8.000000
7.000000 0.000000 -8.000000
8.000000 0.000000 -8.000000
-8.000000 0.000000 -7.000000
-7.000000 0.000000 -7.000000
-6.000000 0.000000 -7.000000
-5.000000 0.000000 -7.000000
-4.000000 0.000000 -7.000000
-3.000000 0.600000 -7.000000
-2.000000 1.250000 -7.000000
-1.000000 0.000000 -7.000000
0.000000 0.000000 -7.000000
1.000000 0.000000 -7.000000
2.000000 0.000000 -7.000000
3.000000 0.000000 -7.000000
4.000000 0.000000 -7.000000
5.000000 0.000000 -7.000000
6.000000 0.000000 -7.000000
7.000000 0.000000 -7.000000
8.000000 0.000000 -7.000000
-8.000000 0.000000 -6.000000
-7.000000 0.000000 -6.000000
-6.000000 0.000000 -6.000000
-5.000000 0.000000 -6.000000
-4.000000 0.300000 -6.000000
-3.000000 1.500000 -6.000000
-2.000000 1.849999 -6.000000
-1.000000 0.000000 -6.000000
0.000000 0.000000 -6.000000
1.000000 0.000000 -6.000000
2.000000 0.000000 -6.000000
3.000000 0.000000 -6.000000
4.000000 0.000000 -6.000000
5.000000 0.000000 -6.000000
6.000000 0.000000 -6.000000
7.000000 0.000000 -6.000000
8.000000 0.000000 -6.000000
-8.000000 0.000000 -5.000000
-7.000000 0.000000 -5.000000
-6.000000 0.000000 -5.000000
-5.000000 0.000000 -5.000000
-4.000000 0.300000 -5.000000
-3.000000 1.849999 -5.000000
-2.000000 2.099999 -5.000000
-1.000000 1.300000 -5.000000
0.000000 0.000000 -5.000000
1.000000 0.000000 -5.000000
2.000000 0.000000 -5.000000
3.000000 0.000000 -5.000000
4.000000 1.200000 -5.000000
5.000000 0.000000 -5.000000
6.000000 0.000000 -5.000000
7.000000 0.000000 -5.000000
8.000000 0.000000 -5.000000
-8.000000 0.000000 -4.000000
-7.000000 0.000000 -4.000000
-6.000000 0.000000 -4.000000
-5.000000 0.000000 -4.000000
-4.000000 0.850000 -4.000000
-3.000000 0.850000 -4.000000
-2.000000 0.900000 -4.000000
-1.000000 0.000000 -4.000000
0.000000 0.000000 -4.000000
1.000000 0.000000 -4.000000
2.000000 0.000000 -4.000000
3.000000 0.750000 -4.000000
4.000000 2.299999 -4.000000
5.000000 0.000000 -4.000000
6.000000 0.000000 -4.000000
7.000000 0.000000 -4.000000
8.000000 0.000000 -4.000000
-8.000000 0.000000 -3.000000
-7.000000 0.000000 -3.000000
-6.000000 0.300000 -3.000000
-5.000000 0.600000 -3.000000
-4.000000 0.900000 -3.000000
-3.000000 0.900000 -3.000000
-2.000000 0.000000 -3.000000
-1.000000 0.000000 -3.000000
0.000000 0.000000 -3.000000
1.000000 0.000000 -3.000000
2.000000 0.000000 -3.000000
3.000000 1.350000 -3.000000
4.000000 1.949999 -3.000000
5.000000 0.000000 -3.000000
6.000000 1.500000 -3.000000
7.000000 0.000000 -3.000000
8.000000 0.000000 -3.000000
-8.000000 0.000000 -2.000000
-7.000000 0.900000 -2.000000
-6.000000 1.649999 -2.000000
-5.000000 2.149999 -2.000000
-4.000000 0.000000 -2.000000
-3.000000 0.000000 -2.000000
-2.000000 0.000000 -2.000000
-1.000000 0.000000 -2.000000
0.000000 0.000000 -2.000000
1.000000 0.000000 -2.000000
2.000000 1.350000 -2.000000
3.000000 1.450000 -2.000000
4.000000 0.600000 -2.000000
5.000000 2.899998 -2.000000
6.000000 2.699999 -2.000000
7.000000 0.000000 -2.000000
8.000000 0.000000 -2.000000
-8.000000 0.000000 -1.000000
-7.000000 0.900000 -1.000000
-6.000000 1.799999 -1.000000
-5.000000 2.949998 -1.000000
-4.000000 2.849998 -1.000000
-3.000000 2.099999 -1.000000
-2.000000 1.200000 -1.000000
-1.000000 1.300000 -1.000000
0.000000 2.399999 -1.000000
1.000000 3.399998 -1.000000
2.000000 3.349998 -1.000000
3.000000 3.149998 -1.000000
4.000000 3.399998 -1.000000
5.000000 3.199998 -1.000000
6.000000 0.000000 -1.000000
7.000000 0.000000 -1.000000
8.000000 0.000000 -1.000000
-8.000000 0.000000 0.000000
-7.000000 0.000000 0.000000
-6.000000 0.000000 0.000000
-5.000000 0.600000 0.000000
-4.000000 1.849999 0.000000
-3.000000 2.399999 0.000000
-2.000000 3.449998 0.000000
-1.000000 3.699998 0.000000
0.000000 3.599998 0.000000
1.000000 3.599998 0.000000
2.000000 3.299998 0.000000
3.000000 3.149998 0.000000
4.000000 3.499998 0.000000
5.000000 0.900000 0.000000
6.000000 0.000000 0.000000
7.000000 0.000000 0.000000
8.000000 0.000000 0.000000
-8.000000 0.000000 1.000000
-7.000000 0.000000 1.000000
-6.000000 0.000000 1.000000
-5.000000 0.000000 1.000000
-4.000000 0.000000 1.000000
-3.000000 0.000000 1.000000
-2.000000 0.000000 1.000000
-1.000000 2.999998 1.000000
0.000000 0.900000 1.000000
1.000000 0.000000 1.000000
2.000000 0.900000 1.000000
3.000000 0.750000 1.000000
4.000000 0.000000 1.000000
5.000000 0.000000 1.000000
6.000000 0.000000 1.000000
7.000000 0.000000 1.000000
8.000000 0.000000 1.000000
-8.000000 0.000000 2.000000
-7.000000 0.000000 2.000000
-6.000000 0.000000 2.000000
-5.000000 0.000000 2.000000
-4.000000 0.000000 2.000000
-3.000000 0.000000 2.000000
-2.000000 0.000000 2.000000
-1.000000 0.000000 2.000000
0.000000 0.000000 2.000000
1.000000 0.000000 2.000000
2.000000 0.000000 2.000000
3.000000 0.000000 2.000000
4.000000 0.000000 2.000000
5.000000 0.000000 2.000000
6.000000 0.000000 2.000000
7.000000 0.000000 2.000000
8.000000 0.000000 2.000000
-8.000000 0.000000 3.000000
-7.000000 0.000000 3.000000
-6.000000 0.000000 3.000000
-5.000000 0.000000 3.000000
-4.000000 0.000000 3.000000
-3.000000 0.000000 3.000000
-2.000000 0.000000 3.000000
-1.000000 0.000000 3.000000
0.000000 0.000000 3.000000
1.000000 0.000000 3.000000
2.000000 0.000000 3.000000
3.000000 0.000000 3.000000
4.000000 0.000000 3.000000
5.000000 0.000000 3.000000
6.000000 0.000000 3.000000
7.000000 0.000000 3.000000
8.000000 0.000000 3.000000
-8.000000 0.000000 4.000000
-7.000000 0.000000 4.000000
-6.000000 0.000000 4.000000
-5.000000 0.000000 4.000000
-4.000000 0.000000 4.000000
-3.000000 0.000000 4.000000
-2.000000 0.000000 4.000000
-1.000000 0.000000 4.000000
0.000000 0.000000 4.000000
1.000000 0.000000 4.000000
2.000000 0.000000 4.000000
3.000000 0.000000 4.000000
4.000000 0.000000 4.000000
5.000000 0.000000 4.000000
6.000000 0.000000 4.000000
7.000000 0.000000 4.000000
8.000000 0.000000 4.000000
-8.000000 0.000000 5.000000
-7.000000 0.000000 5.000000
-6.000000 0.000000 5.000000
-5.000000 0.000000 5.000000
-4.000000 0.000000 5.000000
-3.000000 0.000000 5.000000
-2.000000 0.000000 5.000000
-1.000000 0.000000 5.000000
0.000000 0.000000 5.000000
1.000000 0.000000 5.000000
2.000000 0.000000 5.000000
3.000000 0.000000 5.000000
4.000000 0.000000 5.000000
5.000000 0.000000 5.000000
6.000000 0.000000 5.000000
7.000000 0.000000 5.000000
8.000000 0.000000 5.000000
-8.000000 0.000000 6.000000
-7.000000 0.000000 6.000000
-6.000000 0.000000 6.000000
-5.000000 0.000000 6.000000
-4.000000 0.000000 6.000000
-3.000000 0.000000 6.000000
-2.000000 0.000000 6.000000
-1.000000 0.000000 6.000000
0.000000 0.000000 6.000000
1.000000 0.000000 6.000000
2.000000 0.000000 6.000000
3.000000 0.000000 6.000000
4.000000 0.000000 6.000000
5.000000 0.000000 6.000000
6.000000 0.000000 6.000000
7.000000 0.000000 6.000000
8.000000 0.000000 6.000000
-8.000000 0.000000 7.000000
-7.000000 0.000000 7.000000
-6.000000 0.000000 7.000000
-5.000000 0.000000 7.000000
-4.000000 0.000000 7.000000
-3.000000 0.000000 7.000000
-2.000000 0.000000 7.000000
-1.000000 0.000000 7.000000
0.000000 0.000000 7.000000
1.000000 0.000000 7.000000
2.000000 0.000000 7.000000
3.000000 0.000000 7.000000
4.000000 0.000000 7.000000
5.000000 0.000000 7.000000
6.000000 0.000000 7.000000
7.000000 0.000000 7.000000
8.000000 0.000000 7.000000
-8.000000 0.000000 8.000000
-7.000000 0.000000 8.000000
-6.000000 0.000000 8.000000
-5.000000 0.000000 8.000000
-4.000000 0.000000 8.000000
-3.000000 0.000000 8.000000
-2.000000 0.000000 8.000000
-1.000000 0.000000 8.000000
0.000000 0.000000 8.000000
1.000000 0.000000 8.000000
2.000000 0.000000 8.000000
3.000000 0.000000 8.000000
4.000000 0.000000 8.000000
5.000000 0.000000 8.000000
6.000000 0.000000 8.000000
7.000000 0.000000 8.000000
8.000000 0.000000 8.000000
0.000000 1.000000 0.000000
0.000000 1.000000 0.000000
0.000000 1.000000 0.000000
0.000000 1.000000 0.000000
0.000000 1.000000 0.000000
0.000000 1.000000 0.000000
0.000000 1.000000 0.000000
0.000000 1.000000 0.000000
0.000000 1.000000 0.000000
0.000000 1.000000 0.000000
0.000000 1.000000 0.000000
0.000000 1.000000 0.000000
0.000000 1.000000 0.000000
0.000000 1.000000 0.000000
0.000000 1.000000 0.000000
0.000000 1.000000 0.000000
0.000000 1.000000 0.000000
0.000000 1.000000 0.000000
0.000000 1.000000 0.000000
0.000000 1.000000 0.000000
0.000000 1.000000 0.000000
-0.284427 0.948091 -0.142214
-0.447214 0.715542 -0.536656
0.215076 0.716920 -0.663150
0.529999 0.847998 -0.000000
0.000000 1.000000 0.000000
0.000000 1.000000 0.000000
0.000000 1.000000 0.000000
0.000000 1.000000 0.000000
0.000000 1.000000 0.000000
0.000000 1.000000 0.000000
0.000000 1.000000 0.000000
0.000000 1.000000 0.000000
0.000000 1.000000 0.000000
0.000000 1.000000 0.000000
0.000000 1.000000 0.000000
0.000000 1.000000 0.000000
-0.148340 0.988936 0.000000
-0.595726 0.794302 -0.119145
-0.549210 0.708659 -0.442912
0.568064 0.757418 -0.321903
0.612848 0.662539 -0.430650
0.000000 1.000000 0.000000
0.000000 1.000000 0.000000
0.000000 1.000000 0.000000
0.000000 1.000000 0.000000
0.000000 0.857493 -0.514496
0.000000 1.000000 0.000000
0.000000 1.000000 0.000000
0.000000 1.000000 0.000000
0.000000 1.000000 0.000000
0.000000 1.000000 0.000000
0.000000 1.000000 0.000000
0.000000 1.000000 0.000000
-0.148340 0.988936 0.000000
-0.665614 0.719583 -0.197885
-0.650260 0.722512 0.234816
0.241075 0.876637 0.416402
0.724138 0.689655 -0.000000
0.544988 0.838444 -0.000000
0.000000 1.000000 0.000000
0.000000 1.000000 0.000000
-0.489796 0.816327 -0.306123
0.000000 0.656179 -0.754605
0.514496 0.857493 -0.000000
0.000000 1.000000 0.000000
0.000000 1.000000 0.000000
0.000000 1.000000 0.000000
0.000000 1.000000 0.000000
0.000000 1.000000 0.000000
0.000000 0.988936 -0.148340
-0.377034 0.887138 -0.266142
-0.377034 0.887138 -0.266142
-0.022576 0.903048 0.428947
0.281271 0.661813 0.694903
0.353009 0.784464 0.509902
0.000000 1.000000 0.000000
0.000000 1.000000 0.000000
-0.351123 0.936329 0.000000
-0.689957 0.599963 -0.404975
0.331295 0.883452 -0.331294
0.754605 0.656179 -0.000000
0.000000 0.800000 -0.600000
0.000000 1.000000 0.000000
0.000000 1.000000 0.000000
0.000000 1.000000 0.000000
-0.135526 0.903508 -0.406579
-0.225454 0.751513 -0.619998
-0.200195 0.667316 -0.717364
-0.136753 0.911685 0.387466
0.382633 0.850294 0.361375
0.379642 0.843649 0.379642
0.000000 1.000000 0.000000
0.000000 1.000000 0.000000
0.000000 1.000000 0.000000
-0.488253 0.723338 -0.488253
-0.677161 0.694524 -0.243083
0.457364 0.677577 0.575940
0.126710 0.563157 -0.816577
0.000000 0.595228 -0.803557
0.600000 0.800000 -0.000000
0.000000 1.000000 0.000000
0.000000 1.000000 0.000000
-0.601193 0.728720 -0.327924
-0.447213 0.715542 -0.536656
0.471525 0.571545 -0.671565
0.609944 0.567390 -0.553205
0.000000 0.857493 -0.514495
0.000000 0.857493 -0.514496
0.000000 0.838444 -0.544988
0.000000 0.640185 -0.768221
-0.323801 0.479705 -0.815498
-0.348363 0.480500 -0.804837
0.268500 0.716000 -0.644400
-0.506207 0.698218 -0.506207
-0.486273 0.463117 -0.740987
0.757410 0.522352 0.391764
0.803557 0.595228 -0.000000
0.000000 1.000000 0.000000
0.000000 1.000000 0.000000
-0.634416 0.704907 0.317208
-0.620216 0.605089 0.499198
-0.383278 0.730054 0.565791
0.297833 0.700785 -0.648226
0.467017 0.566082 -0.679298
0.196693 0.491733 -0.848239
-0.274362 0.457270 -0.845949
-0.454273 0.432641 -0.778754
-0.224777 0.473216 -0.851788
0.089144 0.713150 -0.695321
-0.019045 0.761801 -0.647531
-0.014192 0.567676 -0.823130
0.768766 0.452216 0.452215
0.689649 0.431031 0.581891
0.000000 1.000000 0.000000
0.000000 1.000000 0.000000
0.000000 1.000000 0.000000
-0.000000 0.911921 0.410365
-0.217643 0.725476 0.652928
-0.460704 0.498058 0.734636
-0.459242 0.510269 0.727133
-0.483077 0.603847 0.634039
-0.486854 0.749006 0.449404
-0.057052 0.760698 -0.646593
0.039968 0.799361 0.599520
0.075834 0.505560 0.859452
0.140866 0.626071 0.766936
-0.063888 0.638877 0.766652
0.495464 0.440412 0.748701
0.680028 0.388588 0.621740
0.410365 0.911921 -0.000000
0.000000 1.000000 0.000000
0.000000 1.000000 0.000000
0.000000 1.000000 0.000000
0.000000 1.000000 0.000000
0.000000 1.000000 0.000000
-0.000000 0.957826 0.287348
-0.000000 0.734100 0.679042
-0.000000 0.640185 0.768221
-0.601173 0.400782 0.691349
-0.209246 0.464991 0.860232
0.588802 0.392535 0.706562
-0.000000 0.485643 0.874157
-0.190793 0.508781 0.839488
0.234479 0.521065 0.820677
0.182913 0.487769 0.853595
-0.000000 0.911921 0.410365
0.000000 1.000000 0.000000
0.000000 1.000000 0.000000
0.000000 1.000000 0.000000
0.000000 1.000000 0.000000
0.000000 1.000000 0.000000
0.000000 1.000000 0.000000
0.000000 1.000000 0.000000
0.000000 1.000000 0.000000
0.000000 1.000000 0.000000
0.000000 1.000000 0.000000
-0.000000 0.554700 0.832050
-0.000000 0.911921 0.410365
0.000000 1.000000 0.000000
-0.000000 0.911921 0.410365
-0.000000 0.936329 0.351123
0.000000 1.000000 0.000000
0.000000 1.000000 0.000000
0.000000 1.000000 0.000000
0.000000 1.000000 0.000000
0.000000 1.000000 0.000000
0.000000 1.000000 0.000000
0.000000 1.000000 0.000000
0.000000 1.000000 0.000000
0.000000 1.000000 0.000000
0.000000 1.000000 0.000000
0.000000 1.000000 0.000000
0.000000 1.000000 0.000000
0.000000 1.000000 0.000000
0.000000 1.000000 0.000000
0.000000 1.000000 0.000000
0.000000 1.000000 0.000000
0.000000 1.000000 0.000000
0.000000 1.000000 0.000000
0.000000 1.000000 0.000000
0.000000 1.000000 0.000000
0.000000 1.000000 0.000000
0.000000 1.000000 0.000000
0.000000 1.000000 0.000000
0.000000 1.000000 0.000000
0.000000 1.000000 0.000000
0.000000 1.000000 0.000000
0.000000 1.000000 0.000000
0.000000 1.000000 0.000000
0.000000 1.000000 0.000000
0.000000 1.000000 0.000000
0.000000 1.000000 0.000000
0.000000 1.000000 0.000000
0.000000 1.000000 0.000000
0.000000 1.000000 0.000000
0.000000 1.000000 0.000000
0.000000 1.000000 0.000000
0.000000 1.000000 0.000000
0.000000 1.000000 0.000000
0.000000 1.000000 0.000000
0.000000 1.000000 0.000000
0.000000 1.000000 0.000000
0.000000 1.000000 0.000000
0.000000 1.000000 0.000000
0.000000 1.000000 0.000000
0.000000 1.000000 0.000000
0.000000 1.000000 0.000000
0.000000 1.000000 0.000000
0.000000 1.000000 0.000000
0.000000 1.000000 0.000000
0.000000 1.000000 0.000000
0.000000 1.000000 0.000000
0.000000 1.000000 0.000000
0.000000 1.000000 0.000000
0.000000 1.000000 0.000000
0.000000 1.000000 0.000000
0.000000 1.000000 0.000000
0.000000 1.000000 0.000000
0.000000 1.000000 0.000000
0.000000 1.000000 0.000000
0.000000 1.000000 0.000000
0.000000 1.000000 0.000000
0.000000 1.000000 0.000000
0.000000 1.000000 0.000000
0.000000 1.000000 0.000000
0.000000 1.000000 0.000000
0.000000 1.000000 0.000000
0.000000 1.000000 0.000000
0.000000 1.000000 0.000000
0.000000 1.000000 0.000000
0.000000 1.000000 0.000000
0.000000 1.000000 0.000000
0.000000 1.000000 0.000000
0.000000 1.000000 0.000000
0.000000 1.000000 0.000000
0.000000 1.000000 0.000000
0.000000 1.000000 0.000000
0.000000 1.000000 0.000000
0.000000 1.000000 0.000000
0.000000 1.000000 0.000000
0.000000 1.000000 0.000000
0.000000 1.000000 0.000000
0.000000 1.000000 0.000000
0.000000 1.000000 0.000000
0.000000 1.000000 0.000000
0.000000 1.000000 0.000000
0.000000 1.000000 0.000000
0.000000 1.000000 0.000000
0.000000 1.000000 0.000000
0.000000 1.000000 0.000000
0.000000 1.000000 0.000000
0.000000 1.000000 0.000000
0.000000 1.000000 0.000000
0.000000 1.000000 0.000000
0.000000 1.000000 0.000000
0.000000 1.000000 0.000000
0.000000 1.000000 0.000000
0.000000 1.000000 0.000000
0.000000 1.000000 0.000000
0.000000 1.000000 0.000000
0.000000 1.000000 0.000000
0.000000 1.000000 0.000000
0.000000 1.000000 0.000000
0.000000 1.000000 0.000000
0.000000 1.000000 0.000000
0.000000 1.000000 0.000000
0.000000 1.000000 0.000000
0.000000 1.000000 0.000000
0 0
536870912 1068375582
536870912 1069424158
-1610612736 1069979286
536870912 1070472734
-536870912 1070781138
-1610612736 1071027862
1610612736 1071274586
536870912 1071521310
0 1071706353
-536870912 1071829714
-1073741824 1071953076
-1610612736 1072076438
-2147483648 1072199800
1610612736 1072323162
1073741824 1072446524
536870912 1072569886
0 0
536870912 1068375582
536870912 1069424158
-1610612736 1069979286
536870912 1070472734
-536870912 1070781138
-1610612736 1071027862
1610612736 1071274586
536870912 1071521310
0 1071706353
-536870912 1071829714
-1073741824 1071953076
-1610612736 1072076438
-2147483648 1072199800
1610612736 1072323162
1073741824 1072446524
536870912 1072569886
0 0
536870912 1068375582
536870912 1069424158
-1610612736 1069979286
536870912 1070472734
-536870912 1070781138
-1610612736 1071027862
1610612736 1071274586
536870912 1071521310
0 1071706353
-536870912 1071829714
-1073741824 1071953076
-1610612736 1072076438
-2147483648 1072199800
1610612736 1072323162
1073741824 1072446524
536870912 1072569886
0 0
536870912 1068375582
536870912 1069424158
-1610612736 1069979286
536870912 1070472734
-536870912 1070781138
-1610612736 1071027862
1610612736 1071274586
536870912 1071521310
0 1071706353
-536870912 1071829714
-1073741824 1071953076
-1610612736 1072076438
-2147483648 1072199800
1610612736 1072323162
1073741824 1072446524
536870912 1072569886
0 0
536870912 1068375582
536870912 1069424158
-1610612736 1069979286
536870912 1070472734
-536870912 1070781138
-1610612736 1071027862
1610612736 1071274586
536870912 1071521310
0 1071706353
-536870912 1071829714
-1073741824 1071953076
-1610612736 1072076438
-2147483648 1072199800
1610612736 1072323162
1073741824 1072446524
536870912 1072569886
0 0
536870912 1068375582
536870912 1069424158
-1610612736 1069979286
536870912 1070472734
-536870912 1070781138
-1610612736 1071027862
1610612736 1071274586
536870912 1071521310
0 1071706353
-536870912 1071829714
-1073741824 1071953076
-1610612736 1072076438
-2147483648 1072199800
1610612736 1072323162
1073741824 1072446524
536870912 1072569886
0 0
536870912 1068375582
536870912 1069424158
-1610612736 1069979286
536870912 1070472734
-536870912 1070781138
-1610612736 1071027862
1610612736 1071274586
536870912 1071521310
0 1071706353
-536870912 1071829714
-1073741824 1071953076
-1610612736 1072076438
-2147483648 1072199800
1610612736 1072323162
1073741824 1072446524
536870912 1072569886
0 0
536870912 1068375582
536870912 1069424158
-1610612736 1069979286
536870912 1070472734
-536870912 1070781138
-1610612736 1071027862
1610612736 1071274586
536870912 1071521310
0 1071706353
-536870912 1071829714
-1073741824 1071953076
-1610612736 1072076438
-2147483648 1072199800
1610612736 1072323162
1073741824 1072446524
536870912 1072569886
0 0
536870912 1068375582
536870912 1069424158
-1610612736 1069979286
536870912 1070472734
-536870912 1070781138
-1610612736 1071027862
1610612736 1071274586
536870912 1071521310
0 1071706353
-536870912 1071829714
-1073741824 1071953076
-1610612736 1072076438
-2147483648 1072199800
1610612736 1072323162
1073741824 1072446524
536870912 1072569886
0 0
536870912 1068375582
536870912 1069424158
-1610612736 1069979286
536870912 1070472734
-536870912 1070781138
-1610612736 1071027862
1610612736 1071274586
536870912 1071521310
0 1071706353
-536870912 1071829714
-1073741824 1071953076
-1610612736 1072076438
-2147483648 1072199800
1610612736 1072323162
1073741824 1072446524
536870912 1072569886
0 0
536870912 1068375582
536870912 1069424158
-1610612736 1069979286
536870912 1070472734
-536870912 1070781138
-1610612736 1071027862
1610612736 1071274586
536870912 1071521310
0 1071706353
-536870912 1071829714
-1073741824 1071953076
-1610612736 1072076438
-2147483648 1072199800
1610612736 1072323162
1073741824 1072446524
536870912 1072569886
0 0
536870912 1068375582
536870912 1069424158
-1610612736 1069979286
536870912 1070472734
-536870912 1070781138
-1610612736 1071027862
1610612736 1071274586
536870912 1071521310
0 1071706353
-536870912 1071829714
-1073741824 1071953076
-1610612736 1072076438
-2147483648 1072199800
1610612736 1072323162
1073741824 1072446524
536870912 1072569886
0 0
536870912 1068375582
536870912 1069424158
-1610612736 1069979286
536870912 1070472734
-536870912 1070781138
-1610612736 1071027862
1610612736 1071274586
536870912 1071521310
0 1071706353
-536870912 1071829714
-1073741824 1071953076
-1610612736 1072076438
-2147483648 1072199800
1610612736 1072323162
1073741824 1072446524
536870912 1072569886
0 0
536870912 1068375582
536870912 1069424158
-1610612736 1069979286
536870912 1070472734
-536870912 1070781138
-1610612736 1071027862
1610612736 1071274586
536870912 1071521310
0 1071706353
-536870912 1071829714
-1073741824 1071953076
-1610612736 1072076438
-2147483648 1072199800
1610612736 1072323162
1073741824 1072446524
536870912 1072569886
0 0
536870912 1068375582
536870912 1069424158
-1610612736 1069979286
536870912 1070472734
-536870912 1070781138
-1610612736 1071027862
1610612736 1071274586
536870912 1071521310
0 1071706353
-536870912 1071829714
-1073741824 1071953076
-1610612736 1072076438
-2147483648 1072199800
1610612736 1072323162
1073741824 1072446524
536870912 1072569886
0 0
536870912 1068375582
536870912 1069424158
-1610612736 1069979286
536870912 1070472734
-536870912 1070781138
-1610612736 1071027862
1610612736 1071274586
536870912 1071521310
0 1071706353
-536870912 1071829714
-1073741824 1071953076
-1610612736 1072076438
-2147483648 1072199800
1610612736 1072323162
1073741824 1072446524
536870912 1072569886
0 0
536870912 1068375582
536870912 1069424158
-1610612736 1069979286
536870912 1070472734
-536870912 1070781138
-1610612736 1071027862
1610612736 1071274586
536870912 1071521310
0 1071706353
-536870912 1071829714
-1073741824 1071953076
-1610612736 1072076438
-2147483648 1072199800
1610612736 1072323162
1073741824 1072446524
536870912 1072569886
